image: good_full_map.pgm
resolution: 0.050000
origin: [-100.000000, -100.000000, -0.010000]
negate: 0
occupied_thresh: 0.65
free_thresh: 0.196
